cloud_fog_first

0.0001961308
0.0001961308
0.0001961308
0.0001961308
0.0001961308
0.0001961308
0.0001961308
0.0001961308
0.0001961308
0.0001961308
0.0001961308
0.0001961308
0.0001961308
0.0001961308
0.0001961308
0.0001961308
0.0001961308
0.0001961308
0.0001961308
0.0001961308
0.0001961308
0.0001961308
0.0001961308
0.0001961308
0.0001961308
0.0001961308
0.0001961308
0.0001961308
0.0001961308
0.0001961308
0.0001961308
0.0001961308
0.0001470981
0.0001470981
0.0001470981
0.0001470981
0.0001470981
0.0001470981
0.00013075386666666668
0.00013075386666666668
0.00013075386666666668
0.00013075386666666668
0.00013075386666666668
0.00013075386666666668
0.00012258175
0.00012258175
0.00012258175
0.00012258175
0.00012258175
0.00012258175
0.00012258175
0.00011767848
0.00011767848
0.00011767848
0.00011767848
0.00011767848
0.00011767848
0.00011440963333333332
0.00011440963333333332
0.00011440963333333332

