cloud_fog_first

0.0012209999999996946
0.0016930000000003886
0.0022720000000000518
0.002834999999999699
0.003945000000000309
0.0037200000000003897
0.00440599999999991
0.004891000000000201
0.005879999999999885
0.007007999999999903
0.006672999999999707
0.008326999999999973
0.007487999999999939
0.02610200000000029
0.008931000000000022
0.00996599999999992
0.010533000000000126
0.010343999999999909
0.012197999999999709
0.012585999999999764
0.01291600000000015
0.013488999999999862
0.01571599999999984
0.014982000000000273
0.01601399999999975
0.01704300000000014
0.015696000000000154
0.018752000000000102
0.018134000000000317
0.018766999999999978
0.019061999999999912
0.019903999999999922
0.020828999999999986
0.024191000000000074
0.026902000000000204
0.04505399999999993
0.02951199999999954
0.03386699999999987
0.034440000000000026
0.03757199999999994
0.03885300000000047
0.04238499999999945
0.044813000000000436
0.046505000000000685
0.0504150000000001
0.05170600000000025
0.054859000000000435
0.06000500000000031
0.059474999999999945
0.06391399999999958
0.06643800000000066
0.06978300000000015
0.07763000000000009
0.07695499999999988
0.09039700000000028
0.0963080000000005
0.10073700000000052
0.11017600000000005
0.09261199999999992
0.09675499999999992

